#          PT         QT
   25.00000  297.97934    0.01882
   75.25000  297.75562    0.01725
  126.50000  297.77856    0.01680
  179.75000  297.84113    0.01657
  236.00000  297.92328    0.01637
  296.25000  298.02487    0.01615
  361.50000  298.15564    0.01587
  432.75000  298.33295    0.01550
  511.00000  298.57971    0.01502
  597.25000  298.89890    0.01445
  692.50000  299.27179    0.01387
  797.75000  299.68970    0.01333
  914.00000  300.15533    0.01281
 1046.00000  300.68811    0.01226
 1192.00000  301.29224    0.01171
 1342.00000  301.92307    0.01116
 1492.00000  302.56085    0.01064
 1642.00000  303.20258    0.01015
 1792.00000  303.84610    0.00969
 1942.00000  304.48932    0.00925
 2092.00000  305.13263    0.00885
 2242.00000  305.77521    0.00846
 2392.00000  306.41870    0.00809
 2542.00000  307.06284    0.00774
 2692.00000  307.70633    0.00740
 2842.00000  308.34924    0.00708
 2992.00000  308.99203    0.00676
 3142.00000  309.63538    0.00645
 3292.00000  310.27744    0.00615
 3442.00000  310.91852    0.00587
 3592.00000  311.55762    0.00559
 3742.00000  312.19424    0.00533
 3892.00000  312.82828    0.00508
 4042.00000  313.45938    0.00483
 4192.00000  314.08780    0.00460
 4342.00000  314.71527    0.00438
 4492.00000  315.34479    0.00416
 4642.00000  315.97910    0.00395
 4792.00000  316.62030    0.00373
 4942.00000  317.26825    0.00351
 5092.00000  317.92093    0.00330
 5242.00000  318.57568    0.00309
 5392.00000  319.23102    0.00289
 5542.00000  319.88379    0.00270
 5692.00000  320.53149    0.00251
 5842.00000  321.17206    0.00233
 5992.00000  321.80386    0.00217
 6142.00000  322.42584    0.00200
 6292.00000  323.03677    0.00185
 6442.00000  323.63495    0.00170
 6592.00000  324.21915    0.00157
 6742.00000  324.78754    0.00144
 6892.00000  325.34003    0.00132
 7042.00000  325.87567    0.00121
 7192.00000  326.39227    0.00111
 7342.00000  326.88824    0.00102
 7492.00000  327.36288    0.00093
 7642.00000  327.81747    0.00085
 7792.00000  328.25244    0.00077
 7942.00000  328.66840    0.00070
 8092.00000  329.06561    0.00063
 8242.00000  329.44540    0.00057
 8392.00000  329.80734    0.00051
 8542.00000  330.15073    0.00046
 8692.00000  330.47650    0.00042
 8842.00000  330.78589    0.00038
 8992.00000  331.07745    0.00034
 9142.00000  331.35327    0.00030
 9292.00000  331.61533    0.00027
 9442.00000  331.86334    0.00025
 9592.00000  332.09674    0.00022
 9742.00000  332.31659    0.00020
 9892.00000  332.52280    0.00018
10042.00000  332.71658    0.00016
10192.00000  332.89908    0.00015
10342.00000  333.07086    0.00013
10492.00000  333.23322    0.00012
10642.00000  333.38861    0.00011
10792.00000  333.53848    0.00010
10942.00000  333.68329    0.00009
11092.00000  333.82343    0.00008
11242.00000  333.96021    0.00007
11392.00000  334.09433    0.00007
11542.00000  334.22552    0.00006
11692.00000  334.35284    0.00006
11842.00000  334.47607    0.00005
11992.00000  334.59659    0.00005
12142.00000  334.71564    0.00004
12292.00000  334.83374    0.00004
12442.00000  334.95105    0.00004
12592.00000  335.06915    0.00003
12742.00000  335.18839    0.00003
12892.00000  335.30927    0.00003
13042.00000  335.43280    0.00003
13192.00000  335.56012    0.00002
13342.00000  335.69232    0.00002
13492.00000  335.83084    0.00002
13642.00000  335.97815    0.00002
13792.00000  336.13806    0.00002
13942.00000  336.31534    0.00001
14092.00000  336.51569    0.00001
14242.00000  336.74576    0.00001
14392.00000  337.01468    0.00001
14542.00000  337.33432    0.00001
14692.00000  337.71875    0.00001
14842.00000  338.18423    0.00001
14992.00000  338.74762    0.00000
15142.00000  339.42368    0.00000
15292.00000  340.22687    0.00000
15442.00000  341.17194    0.00000
15592.00000  342.27106    0.00000
15742.00000  343.53162    0.00000
15892.00000  344.95563    0.00000
16042.00000  346.54401    0.00000
16192.00000  348.29858    0.00000
16342.00000  350.21133    0.00000
16492.00000  352.26239    0.00000
16642.00000  354.43002    0.00000
16792.00000  356.69403    0.00000
16942.00000  359.03534    0.00000
17092.00000  361.44794    0.00000
17242.00000  363.94122    0.00000
17392.00000  366.52753    0.00000
17542.00000  369.22177    0.00000
17692.00000  372.04526    0.00000
17842.00000  375.02328    0.00000
17992.00000  378.17902    0.00000
18142.00000  381.52917    0.00000
18292.00000  385.08502    0.00000
18442.00000  388.85703    0.00000
18592.00000  392.85419    0.00000
18742.00000  397.08344    0.00000
18892.00000  401.55688    0.00000
19042.00000  406.29938    0.00000
19192.00000  411.35278    0.00000
19342.00000  416.78516    0.00000
19492.00000  422.70157    0.00000
19642.00000  429.24005    0.00000
19792.00000  436.54468    0.00000
19942.00000  444.69775    0.00000
20092.00000  453.65155    0.00000
20242.00000  463.16757    0.00000
20392.00000  472.77679    0.00000
20542.00000  481.90829    0.00000
20692.00000  490.12323    0.00000
20842.00000  497.27441    0.00000
20992.00000  503.48672    0.00000
21142.00000  509.03583    0.00000
21292.00000  514.22131    0.00000
21442.00000  519.27032    0.00000
21592.00000  524.30420    0.00000
21742.00000  529.34998    0.00000
21892.00000  534.37329    0.00000
22042.00000  539.30615    0.00000
22192.00000  544.10046    0.00000
22342.00000  548.81165    0.00000
22492.00000  553.49225    0.00000
22642.00000  558.17181    0.00000
22792.00000  562.85632    0.00000
22942.00000  567.53937    0.00000
23092.00000  572.21198    0.00000
23242.00000  576.88513    0.00000
23392.00000  581.59186    0.00000
23542.00000  586.37799    0.00000
23692.00000  591.29590    0.00000
23842.00000  596.42200    0.00000
