#    H              T(K)        QT(*)         U           V
37.500000	299.361389    0.018086    0.000000    0.000000
150.076294	299.016754    0.017508    0.000000    0.000000
300.308044	298.002930    0.016742    0.000000    0.000000
450.700897	296.985046    0.015975    0.000000    0.000000
601.260620	295.962494    0.015211    0.000000    0.000000
751.993103	294.923248    0.014475    0.000000    0.000000
902.904541	293.879242    0.013738    0.000000    0.000000
1054.001343	292.830963    0.013001    0.000000    0.000000
1205.290039	292.050415    0.012386    0.000000    0.000000
1356.776978	291.264374    0.011772    0.000000    0.000000
1508.469482	290.473755    0.011156    0.000000    0.000000
1660.374023	289.673523    0.010429    0.000000    0.000000
1812.498047	288.866974    0.009662    0.000000    0.000000
1964.849487	288.055695    0.008895    0.000000    0.000000
2117.436035	287.247894    0.008271    0.000000    0.000000
2270.265381	286.450012    0.007906    0.000000    0.000000
2423.345947	285.647186    0.007542    0.000000    0.000000
2576.686035	284.839386    0.007177    0.000000    0.000000
2730.293945	283.990631    0.006825    0.000000    0.000000
2884.178467	283.127350    0.006476    0.000000    0.000000
3038.349121	282.259064    0.006126    0.000000    0.000000
3192.815430	281.384644    0.005779    0.000000    0.000000
3347.586914	280.490936    0.005474    0.000000    0.000000
3502.673584	279.592072    0.005169    0.000000    0.000000
3658.085938	278.687958    0.004863    0.000000    0.000000
3813.834473	277.781586    0.004566    0.000000    0.000000
3969.929932	276.888367    0.004326    0.000000    0.000000
4126.383789	275.989624    0.004086    0.000000    0.000000
4283.208008	275.085266    0.003844    0.000000    0.000000
4440.413574	274.175232    0.003603    0.000000    0.000000
4598.013184	273.290192    0.003510    0.000000    0.000000
4756.019531	272.399475    0.003420    0.000000    0.000000
4914.445312	271.502686    0.003329    0.000000    0.000000
5073.304688	270.599731    0.003237    0.000000    0.000000
5232.610352	269.676422    0.003061    0.000000    0.000000
5392.377441	268.737152    0.002827    0.000000    0.000000
5552.620605	267.791443    0.002592    0.000000    0.000000
5713.354980	266.839233    0.002356    0.000000    0.000000
5874.596191	265.880341    0.002120    0.000000    0.000000
6036.359375	264.890076    0.001973    0.000000    0.000000
6198.662109	263.890778    0.001833    0.000000    0.000000
6361.520996	262.884521    0.001693    0.000000    0.000000
6524.954102	261.871155    0.001553    0.000000    0.000000
6688.979492	260.850555    0.001412    0.000000    0.000000
6853.616211	259.784424    0.001164    0.000000    0.000000
7018.882324	258.707336    0.000904    0.000000    0.000000
7184.799805	257.622620    0.000644    0.000000    0.000000
7351.388672	256.530121    0.000382    0.000000    0.000000
7518.668457	255.429703    0.000120    0.000000    0.000000
7686.663086	254.266647    0.000040    0.000000    0.000000
7855.395020	253.050095    1.00E-12    0.000000    0.000000
8024.887207	251.825241    1.00E-12    0.000000    0.000000
8195.163086	250.591873    1.00E-12    0.000000    0.000000
8366.249023	249.349777    1.00E-12    0.000000    0.000000
8538.170898	248.098724    1.00E-12    0.000000    0.000000
8710.954102	246.797821    1.00E-12    0.000000    0.000000
8884.627930	245.474182    1.00E-12    0.000000    0.000000
9059.220703	244.140961    1.00E-12    0.000000    0.000000
9234.760742	242.797882    1.00E-12    0.000000    0.000000
9411.279297	241.444672    1.00E-12    0.000000    0.000000
9588.807617	240.081039    1.00E-12    0.000000    0.000000
9767.379883	238.677582    1.00E-12    0.000000    0.000000
9947.025391	237.231430    1.00E-12    0.000000    0.000000
10127.785156	235.774002    1.00E-12    0.000000    0.000000
10309.695312	234.304962    1.00E-12    0.000000    0.000000
10492.785156	232.824051    1.00E-12    0.000000    0.000000
10677.099609	231.330856    1.00E-12    0.000000    0.000000
10862.684570	229.824951    1.00E-12    0.000000    0.000000
11049.575195	228.307755    1.00E-12    0.000000    0.000000
11237.809570	226.778244    1.00E-12    0.000000    0.000000
11427.445312	225.234833    1.00E-12    0.000000    0.000000
11618.519531	223.677139    1.00E-12    0.000000    0.000000
11811.080078	222.104736    1.00E-12    0.000000    0.000000
12005.184570	220.517059    1.00E-12    0.000000    0.000000
12200.879883	218.913712    1.00E-12    0.000000    0.000000
12398.219727	217.295776    1.00E-12    0.000000    0.000000
12597.264648	215.802887    1.00E-12    0.000000    0.000000
12798.070312	214.292664    1.00E-12    0.000000    0.000000
13000.695312	212.764587    1.00E-12    0.000000    0.000000
13205.205078	211.218048    1.00E-12    0.000000    0.000000
13411.669922	209.851379    1.00E-12    0.000000    0.000000
13620.150391	208.499924    1.00E-12    0.000000    0.000000
13830.714844	207.128204    1.00E-12    0.000000    0.000000
14043.450195	205.735443    1.00E-12    0.000000    0.000000
14258.424805	204.521271    1.00E-12    0.000000    0.000000
14475.719727	203.613388    1.00E-12    0.000000    0.000000
14695.419922	202.682632    1.00E-12    0.000000    0.000000
14917.610352	201.728287    1.00E-12    0.000000    0.000000
15142.384766	200.749573    1.00E-12    0.000000    0.000000
15369.839844	200.147110    1.00E-12    0.000000    0.000000
15600.070312	199.949265    1.00E-12    0.000000    0.000000
15833.179688	199.725571    1.00E-12    0.000000    0.000000
16069.280273	199.475250    1.00E-12    0.000000    0.000000
16308.485352	199.197495    1.00E-12    0.000000    0.000000
16550.910156	198.891495    1.00E-12    0.000000    0.000000
16796.675781	199.575287    1.00E-12    0.000000    0.000000
17045.914062	200.307343    1.00E-12    0.000000    0.000000
17298.765625	201.010864    1.00E-12    0.000000    0.000000
17555.365234	201.685181    1.00E-12    0.000000    0.000000
17815.865234	202.329514    1.00E-12    0.000000    0.000000
18080.419922	203.241592    1.00E-12    0.000000    0.000000
18349.195312	204.224777    1.00E-12    0.000000    0.000000
18622.359375	205.176743    1.00E-12    0.000000    0.000000
18900.095703	206.096634    1.00E-12    0.000000    0.000000
19182.589844	206.983490    1.00E-12    0.000000    0.000000
19470.044922	207.836304    1.00E-12    0.000000    0.000000
19762.664062	208.714050    1.00E-12    0.000000    0.000000
20060.669922	209.619141    1.00E-12    0.000000    0.000000
20364.300781	210.541316    1.00E-12    0.000000    0.000000
20673.789062	211.481281    1.00E-12    0.000000    0.000000
20989.400391	212.439843    1.00E-12    0.000000    0.000000
21311.400391	213.417807    1.00E-12    0.000000    0.000000
21640.074219	214.416042    1.00E-12    0.000000    0.000000
21975.730469	215.435483    1.00E-12    0.000000    0.000000
22318.679688	216.477074    1.00E-12    0.000000    0.000000
22669.265625	217.541859    1.00E-12    0.000000    0.000000
23027.839844	218.630906    1.00E-12    0.000000    0.000000
23394.779297	219.745359    1.00E-12    0.000000    0.000000
23770.490234	220.886452    1.00E-12    0.000000    0.000000
24155.390625	222.055456    1.00E-12    0.000000    0.000000
24549.919922	223.253704    1.00E-12    0.000000    0.000000
24954.564453	224.482674    1.00E-12    0.000000    0.000000
25369.830078	225.743901    1.00E-12    0.000000    0.000000
25796.250000	227.039007    1.00E-12    0.000000    0.000000
26234.394531	228.369720    1.00E-12    0.000000    0.000000
26684.869141	229.737883    1.00E-12    0.000000    0.000000
27148.324219	231.145470    1.00E-12    0.000000    0.000000
27625.449219	232.594574    1.00E-12    0.000000    0.000000
28116.974609	234.087414    1.00E-12    0.000000    0.000000
28623.685547	235.626376    1.00E-12    0.000000    0.000000
29146.419922	237.214003    1.00E-12    0.000000    0.000000
29686.070312	238.853007    1.00E-12    0.000000    0.000000
30243.599609	240.546311    1.00E-12    0.000000    0.000000
30820.035156	242.297037    1.00E-12    0.000000    0.000000
31416.464844	244.108490    1.00E-12    0.000000    0.000000
32034.074219	245.984266    1.00E-12    0.000000    0.000000
32674.130859	247.928220    1.00E-12    0.000000    0.000000
33337.984375	249.944448    1.00E-12    0.000000    0.000000
34027.105469	252.037418    1.00E-12    0.000000    0.000000
34743.066406	254.211905    1.00E-12    0.000000    0.000000
35487.558594	256.473045    1.00E-12    0.000000    0.000000
36262.421875	258.826428    1.00E-12    0.000000    0.000000
37069.621094	261.278020    1.00E-12    0.000000    0.000000
37911.289062	263.834299    1.00E-12    0.000000    0.000000
38789.734375	266.502276    1.00E-12    0.000000    0.000000
39707.460938	269.289557    1.00E-12    0.000000    0.000000
40667.175781	272.204363    1.00E-12    0.000000    0.000000
41671.820312	275.255628    1.00E-12    0.000000    0.000000
42724.589844	278.453055    1.00E-12    0.000000    0.000000
43828.953125	281.807182    1.00E-12    0.000000    0.000000
