37.00
112.00
194.00
288.00
395.00
520.00
667.00
843.00
1062.00
1331.00
1664.00
2055.00
2505.00
3000.00
3500.00
4000.00
4500.00
5000.00
5500.00
6000.00
6500.00
7000.00
7500.00
8000.00
8500.00
9000.00
9500.00
10000.00
10500.00
11000.00
11500.00
12000.00
12500.00
13000.00
13500.00
14000.00
14500.00
15000.00
15500.00
16000.00
16500.00
17000.00
17500.00
18000.00
18500.00
19000.00
19500.00
20000.00
20500.00
21000.00
21500.00
22000.00
22500.00
23000.00
23500.00
24000.00
24500.00
25000.00
25500.00
26000.00
26500.00
27000.00
27500.00
28000.00
28500.00
29000.00
29500.00
30000.00
30500.00
31000.00
31500.00
32000.00
32500.00
33000.00
33500.00
34000.00
34500.00
35000.00
35500.00
36000.00
36500.00
37000.00
37500.00
38000.00
38500.00
39000.00
39500.00
40000.00
40500.00
41000.00
41500.00
42000.00
42500.00
43000.00
43500.00
44000.00
44500.00
45000.00
