   150.0000    
   300.0000    
   450.0000    
   600.0000    
   750.0000    
   900.0000    
   1050.000    
   1200.000    
   1350.000    
   1500.000    
   1650.000    
   1800.000    
   1950.000    
   2100.000    
   2250.000    
   2400.000    
   2550.000    
   2700.000    
   2850.000    
   3000.000    
   3150.000    
   3300.000    
   3450.000    
   3600.000    
   3750.000    
   3900.000    
   4050.000    
   4200.000    
   4350.000    
   4500.000    
   4650.000    
   4800.000    
   4950.000    
   5100.000    
   5250.000    
   5400.000    
   5550.000    
   5700.000    
   5850.000    
   6000.000    
   6150.000    
   6300.000    
   6450.000    
   6600.000    
   6750.000    
   6900.000    
   7050.000    
   7200.000    
   7350.000    
   7500.000    
   7650.000    
   7800.000    
   7950.000    
   8100.000    
   8250.000    
   8400.000    
   8550.000    
   8700.000    
   8850.000    
   9000.000    
   9150.000    
   9300.000    
   9450.000    
   9600.000    
   9750.000    
   9900.000    
   10050.00    
   10200.00    
   10350.00    
   10500.00    
   10650.00    
   10800.00    
   10950.00    
   11100.00    
   11250.00    
   11400.00    
   11550.00    
   11700.00    
   11850.00    
   12000.00    
   12150.00    
   12300.00    
   12450.00    
   12600.00    
   12750.00    
   12900.00    
   13050.00    
   13200.00    
   13350.00    
   13500.00    
   13650.00    
   13800.00    
   13950.00    
   14100.00    
   14250.00    
   14400.00    
   14550.00    
   14700.00    
   14850.00    
   15000.00    
   15150.00    
   15300.00    
   15450.00    
   15600.00    
   15750.00    
   15900.00    
   16050.00    
   16200.00    
   16350.00    
   16500.00    
   16650.00    
   16800.00    
   16950.00    
   17100.00    
   17250.00    
   17400.00    
   17550.00    
   17700.00    
   17850.00    
   18000.00    
   18155.62    
   18317.09    
   18484.60    
   18658.40    
   18838.71    
   19025.79    
   19219.88    
   19421.25    
   19630.17    
   19846.93    
   20071.81    
   20305.13    
   20547.20    
   20798.35    
   21058.91    
   21329.24    
   21609.71    
   21900.71    
   22202.61    
   22515.83    
   22840.80    
   23177.95    
   23527.75    
   23890.67    
   24267.19    
   24657.84    
   25063.13    
   25483.62    
   25919.89    
   26372.51    
   26842.10    
   27329.31    
   27834.78    
   28359.21    
   28903.31    
   29467.81    
   30053.47    
   30661.11    
   31291.52    
   31945.58    
   32624.16    
   33328.20    
   34058.63    
   34816.45    
   35602.70    
   36418.42    
   37264.74    
   38142.79    
   39053.77    
   39998.91    
   40979.50    
   41996.86    
   43052.36    
   44150.00    
