#          H        T(C)          RH           U           V
      0.0000      23.850       98.00	    0.00	0.00
    130.0000      23.700       98.00        0.00       -0.40
    464.0000      23.300       86.00        0.81       -3.51
    573.0000      22.570       88.56        1.17       -3.88
   1100.0000      19.900       87.44        3.44       -4.77
   1653.0000      16.910       86.67        3.53       -5.28
   2216.0000      14.090       83.67        3.88       -5.85
   2760.0000      11.130       79.56        4.09       -5.60
   3297.0000       8.290       84.78        3.97       -2.67
   3824.0000       5.380       84.78        1.22       -1.47
   4327.0000       2.290       89.33        0.16        0.57
   4787.0000      -0.660       94.33       -1.22        0.89
   5242.0000      -3.020       92.00       -1.72       -0.08
   5686.0000      -5.280       85.22       -2.77        1.11
   6131.0000      -7.420       77.33       -2.65        2.15
   6578.0000     -10.340       80.11       -0.64        3.12
   6996.0000     -12.690       66.11       -0.07        3.22
   7431.0000     -15.700       72.11       -1.90        3.34
   7881.0000     -19.210       72.67       -2.70        1.91
   8300.0000     -21.810       52.22       -2.99        1.15
   8718.0000     -24.730       54.67       -3.66        1.01
   9149.0000     -27.760       51.00       -5.05       -0.57
   9611.0000     -30.930       43.78       -6.64       -0.67
  10084.0000     -34.620       40.56       -4.74        0.31
  10573.0000     -38.580       43.11       -5.30        2.97
  11008.0000     -42.300       54.78       -6.07        2.32
  11460.0000     -46.070       46.11       -4.26        2.66
  11966.0000     -50.030       42.33       -7.52        4.79
  12472.0000     -54.670       43.22       -8.88        3.40
  12971.0000     -59.160       45.33       -9.00        3.14
  13478.0000     -63.600       39.78       -7.77        3.93
  13971.0000     -67.680       33.78       -5.37        7.57
  14443.0000     -70.770       28.78       -3.88        2.58
  14956.0000     -74.410       24.67       -1.15        2.50
  15458.0000     -77.510       20.67       -2.36        6.44
  16019.0000     -80.640       17.67       -9.20        6.84
  16491.0000     -80.690       17.11       -8.01        0.19
  16961.0000     -80.000       16.22       -5.68       -2.20
  17442.0000     -81.380       14.22       -8.83       -3.60
  17934.0000     -81.170       13.00      -14.51        0.56
  18397.0000     -78.320       13.00      -15.55        6.68
  18851.0000     -74.770       12.22      -15.36        9.41
  19331.0000     -74.520        9.56      -17.67        7.03
  19809.0000     -72.620        7.78      -17.82        5.32
  20321.0000     -70.870        5.89      -18.94        1.14
  20813.0000     -69.190        4.33      -15.92       -0.65
  21329.0000     -66.900        3.00      -15.32        5.27
  30000.0000     -66.900        3.00      -15.32        5.27
