#          H        T(C)          RH           U           V
      0.0000      23.850       85.00	    0.00	0.00
    130.0000      23.700       85.00        0.00	0.00
    464.0000      23.300       85.00        0.00	0.00
    573.0000      22.570       85.00        0.00	0.00
   1100.0000      19.900       85.00        0.00	0.00
   1653.0000      16.910       85.00        0.00	0.00
   2216.0000      14.090       85.00        0.00	0.00
   2760.0000      11.130       70.00        0.00	0.00
   3297.0000       8.290       70.00        0.00	0.00
   3824.0000       5.380       70.00        0.00	0.00
   4327.0000       2.290       70.00        0.00	0.00
   4787.0000      -0.660       70.00        0.00	0.00
   5242.0000      -3.020       70.00        0.00	0.00
   5686.0000      -5.280       70.00        0.00	0.00
   6131.0000      -7.420       70.00	    0.00	0.00
   6578.0000     -10.340       69.61        0.00	0.00
   6996.0000     -12.690       67.52 	    0.00	0.00
   7431.0000     -15.700       65.34	    0.00	0.00
   7881.0000     -19.210       63.09	    0.00	0.00
   8300.0000     -21.810       61.00   	    0.00	0.00
   8718.0000     -24.730       58.91	    0.00	0.00
   9149.0000     -27.760       56.75	    0.00	0.00
   9611.0000     -30.930       54.44	    0.00	0.00
  10084.0000     -34.620       52.08	    0.00	0.00
  10573.0000     -38.580       49.63	    0.00	0.00
  11008.0000     -42.300       47.46	    0.00	0.00
  11460.0000     -46.070       45.20	    0.00	0.00
  11966.0000     -50.030       42.67	    0.00	0.00
  12472.0000     -54.670       40.14	    0.00	0.00
  12971.0000     -59.160       37.64	    0.00	0.00
  13478.0000     -63.600       35.11	    0.00	0.00
  13971.0000     -67.680       32.64	    0.00	0.00
  14443.0000     -70.770       30.28	    0.00	0.00
  14956.0000     -74.410       27.72	    0.00	0.00
  15458.0000     -77.510       25.21	    0.00	0.00
  16019.0000     -80.640       22.40	    0.00	0.00
  16491.0000     -80.690       20.04	    0.00	0.00
  16961.0000     -80.000       17.69	    0.00	0.00
  17442.0000     -81.380       15.29	    0.00	0.00
  17934.0000     -81.170       15.00        0.00	0.00
  18397.0000     -78.320       15.00        0.00	0.00
  18851.0000     -74.770       15.00        0.00	0.00
  19331.0000     -74.520       15.00        0.00	0.00
  19809.0000     -72.620       15.00        0.00	0.00
  20321.0000     -70.870       15.00        0.00	0.00
  20813.0000     -69.190       15.00        0.00	0.00
  21329.0000     -66.900       15.00        0.00	0.00
  30000.0000     -66.900       15.00        0.00	0.00
