#          H        T(C)          RH           U           V
      0.0000      23.850       98.00	    0.00	0.00
    130.0000      23.700       98.00        0.00	0.00
    464.0000      23.300       86.00        0.00	0.00
    573.0000      22.570       88.56        0.00	0.00
   1100.0000      19.900       87.44        0.00	0.00
   1653.0000      16.910       86.67        0.00	0.00
   2216.0000      14.090       83.67        0.00	0.00
   2760.0000      11.130       79.56        0.00	0.00
   3297.0000       8.290       84.78        0.00	0.00
   3824.0000       5.380       84.78        0.00	0.00
   4327.0000       2.290       89.33        0.00	0.00
   4787.0000      -0.660       94.33        0.00	0.00
   5242.0000      -3.020       92.00        0.00	0.00
   5686.0000      -5.280       85.22        0.00	0.00
   6131.0000      -7.420       77.33        0.00	0.00
   6578.0000     -10.340       80.11        0.00	0.00
   6996.0000     -12.690       66.11        0.00	0.00
   7431.0000     -15.700       72.11        0.00	0.00
   7881.0000     -19.210       72.67        0.00	0.00
   8300.0000     -21.810       52.22        0.00	0.00
   8718.0000     -24.730       54.67        0.00	0.00
   9149.0000     -27.760       51.00        0.00	0.00
   9611.0000     -30.930       43.78        0.00	0.00
  10084.0000     -34.620       40.56        0.00	0.00
  10573.0000     -38.580       43.11        0.00	0.00
  11008.0000     -42.300       54.78        0.00	0.00
  11460.0000     -46.070       46.11        0.00	0.00
  11966.0000     -50.030       42.33        0.00	0.00
  12472.0000     -54.670       43.22        0.00	0.00
  12971.0000     -59.160       45.33        0.00	0.00
  13478.0000     -63.600       39.78        0.00	0.00
  13971.0000     -67.680       33.78        0.00	0.00
  14443.0000     -70.770       28.78        0.00	0.00
  14956.0000     -74.410       24.67        0.00	0.00
  15458.0000     -77.510       20.67        0.00	0.00
  16019.0000     -80.640       17.67        0.00	0.00
  16491.0000     -80.690       17.11        0.00	0.00
  16961.0000     -80.000       16.22        0.00	0.00
  17442.0000     -81.380       14.22        0.00	0.00
  17934.0000     -81.170       13.00        0.00	0.00
  18397.0000     -78.320       13.00        0.00	0.00
  18851.0000     -74.770       12.22        0.00	0.00
  19331.0000     -74.520        9.56        0.00	0.00
  19809.0000     -72.620        7.78        0.00	0.00
  20321.0000     -70.870        5.89        0.00	0.00
  20813.0000     -69.190        4.33        0.00	0.00
  21329.0000     -66.900        3.00        0.00	0.00
  30000.0000     -66.900        3.00        0.00	0.00
