#          H        T(C)          RH           U           V
      0.0000      23.850       85.00	    0.00	0.00
    130.0000      23.700       85.00        0.00	0.00
    464.0000      23.300       85.00        0.00	0.00
    573.0000      22.570       85.00        0.00	0.00
   1100.0000      19.900       85.00        0.00	0.00
   1653.0000      16.910       85.00        0.00	0.00
   2216.0000      14.090       85.00        0.00	0.00
   2760.0000      11.130       80.00        0.00	0.00
   3297.0000       8.290       80.00        0.00	0.00
   3824.0000       5.380       80.00        0.00	0.00
   4327.0000       2.290       80.00        0.00	0.00
   4787.0000      -0.660       80.00        0.00	0.00
   5242.0000      -3.020       80.00        0.00	0.00
   5686.0000      -5.280       80.00        0.00	0.00
   6131.0000      -7.420       80.00	    0.00	0.00
   6578.0000     -10.340       79.53	    0.00	0.00
   6996.0000     -12.690       77.06	    0.00	0.00
   7431.0000     -15.700       74.49	    0.00	0.00
   7881.0000     -19.210       71.83	    0.00	0.00
   8300.0000     -21.810       69.36	    0.00	0.00
   8718.0000     -24.730       66.89	    0.00	0.00
   9149.0000     -27.760       64.34	    0.00	0.00
   9611.0000     -30.930       61.61	    0.00	0.00
  10084.0000     -34.620       58.82	    0.00	0.00
  10573.0000     -38.580       55.93	    0.00	0.00
  11008.0000     -42.300       53.36	    0.00	0.00
  11460.0000     -46.070       50.69	    0.00	0.00
  11966.0000     -50.030       47.70	    0.00	0.00
  12472.0000     -54.670       44.71	    0.00	0.00
  12971.0000     -59.160       41.76	    0.00	0.00
  13478.0000     -63.600       38.76	    0.00	0.00
  13971.0000     -67.680       35.85	    0.00	0.00
  14443.0000     -70.770       33.06	    0.00	0.00
  14956.0000     -74.410       30.03	    0.00	0.00
  15458.0000     -77.510       27.06	    0.00	0.00
  16019.0000     -80.640       23.75	    0.00	0.00
  16491.0000     -80.690       20.96	    0.00	0.00
  16961.0000     -80.000       18.18	    0.00	0.00
  17442.0000     -81.380       15.34	    0.00	0.00
  17934.0000     -81.170       15.00        0.00	0.00
  18397.0000     -78.320       15.00        0.00	0.00
  18851.0000     -74.770       15.00        0.00	0.00
  19331.0000     -74.520       15.00        0.00	0.00
  19809.0000     -72.620       15.00        0.00	0.00
  20321.0000     -70.870       15.00        0.00	0.00
  20813.0000     -69.190       15.00        0.00	0.00
  21329.0000     -66.900       15.00        0.00	0.00
  30000.0000     -66.900       15.00        0.00	0.00
