<<<<<<< HEAD
  0.00  300.00  21.93  0.00  0.00
  500.00  300.81  17.73  0.00  0.00
  1000.00  301.93  14.42  0.00  0.00
  1500.00  303.20  11.72  0.00  0.00
  2000.00  304.58  9.49  0.00  0.00
  2500.00  306.05  7.66  0.00  0.00
  3000.00  307.60  6.15  0.00  0.00
  3500.00  309.22  4.90  0.00  0.00
  4000.00  310.89  3.88  0.00  0.00
  4500.00  312.62  3.05  0.00  0.00
  5000.00  314.39  2.38  0.00  0.00
  5500.00  316.22  1.84  0.00  0.00
  6000.00  318.08  1.40  0.00  0.00
  6500.00  319.98  1.06  0.00  0.00
  7000.00  321.92  0.79  0.00  0.00
  7500.00  323.90  0.58  0.00  0.00
  8000.00  325.90  0.42  0.00  0.00
  8500.00  327.94  0.30  0.00  0.00
  9000.00  330.01  0.21  0.00  0.00
  9500.00  332.11  0.15  0.00  0.00
  10000.00  334.24  0.00  0.00  0.00
  10500.00  336.39  0.00  0.00  0.00
  11000.00  338.57  0.00  0.00  0.00
  11500.00  340.77  0.00  0.00  0.00
  12000.00  343.00  0.00  0.00  0.00
  12500.00  350.95  0.00  0.00  0.00
  13000.00  359.08  0.00  0.00  0.00
  13500.00  367.41  0.00  0.00  0.00
  14000.00  375.92  0.00  0.00  0.00
  14500.00  384.64  0.00  0.00  0.00
  15000.00  393.55  0.00  0.00  0.00
  15500.00  402.67  0.00  0.00  0.00
  16000.00  412.00  0.00  0.00  0.00
  16500.00  421.55  0.00  0.00  0.00
  17000.00  431.32  0.00  0.00  0.00
  17500.00  441.32  0.00  0.00  0.00
=======
  0.00  300.81  12.0  0.00  0.00
  500.00  300.81  12.0  0.00  0.00
  1000.00  301.93  12.0  0.00  0.00
  1500.00  303.20  12.0  0.00  0.00
  2000.00  304.58  10.20  0.00  0.00
  2500.00  306.05  8.23  0.00  0.00
  3000.00  307.60  6.62  0.00  0.00
  3500.00  309.22  5.28  0.00  0.00
  4000.00  310.89  4.19  0.00  0.00
  4500.00  312.62  3.30  0.00  0.00
  5000.00  314.39  2.57  0.00  0.00
  5500.00  316.22  1.99  0.00  0.00
  6000.00  318.08  1.52  0.00  0.00
  6500.00  319.98  1.15  0.00  0.00
  7000.00  321.92  0.86  0.00  0.00
  7500.00  323.90  0.64  0.00  0.00
  8000.00  325.90  0.46  0.00  0.00
  8500.00  327.94  0.33  0.00  0.00
  9000.00  330.01  0.23  0.00  0.00
  9500.00  332.11  0.16  0.00  0.00
  10000.00  334.24  0.11  0.00  0.00
  10500.00  336.39  0.07  0.00  0.00
  11000.00  338.57  0.05  0.00  0.00
  11500.00  340.77  0.03  0.00  0.00
  12000.00  343.00  0.02  0.00  0.00
  12500.00  350.95  0.02  0.00  0.00
  13000.00  359.08  0.02  0.00  0.00
  13500.00  367.41  0.02  0.00  0.00
  14000.00  375.92  0.02  0.00  0.00
  14500.00  384.64  0.02  0.00  0.00
  15000.00  393.55  0.02  0.00  0.00
  15500.00  402.67  0.02  0.00  0.00
  16000.00  412.00  0.02  0.00  0.00
  16500.00  421.55  0.02  0.00  0.00
  17000.00  431.32  0.02  0.00  0.00
  17500.00  441.32  0.02  0.00  0.00
>>>>>>> master
