#       H              T(K)                   QV                        QL                            U                        V 
     15.00	273.064285714286	3.68162917363566	0.000000000000000000		0.74285714285714	7.45714285714286
     25.00	273.230000000000	3.60836198856505	7.32380114349507e-05		1.24000000000000	6.96000000000000
     35.00	273.125000000000	3.56853553233114	0.000113064467668860		1.97500000000000	6.47500000000000
     45.00	273.025000000000	3.58081697154445	0.000100783028455546		2.52500000000000	6.45000000000000
     55.00	272.950000000000	3.58529023179100	9.63097682090046e-05		2.77500000000000	6.85000000000000
     65.00	272.850000000000	3.58932560278053	9.22743972194668e-05		3.00000000000000	7.30000000000000
     75.00	272.750000000000	3.58812475501878	9.34752449812226e-05		3.22000000000000	7.62000000000000
     85.00	272.650000000000	3.56899577843645	0.000112604221563546		3.42000000000000	7.82000000000000
     95.00	272.633333333333	3.54371084374470	0.000137889156255305		3.51666666666667	8.01666666666667
    105.00	272.530000000000	3.54828422377414	0.000133315776225865		3.72000000000000	8.20000000000000
    115.00	272.450000000000	3.55245221630666	0.000129147783693341		3.90000000000000	8.30000000000000
    125.00	272.350000000000	3.52758687709550	0.000154013122904501		4.05000000000000	8.30000000000000
    135.00	272.250000000000	3.50240849104591	0.000179191508954093		4.20000000000000	8.30000000000000
    145.00	272.250000000000	3.50692163271042	0.000174678367289580		4.20000000000000	8.30000000000000
    155.00	272.150000000000	3.48232019010138	0.000199279809898622		4.30000000000000	8.30000000000000
    165.00	272.050000000000	3.45767163072626	0.000223928369273744		4.30000000000000	8.30000000000000
    175.00	272.050000000000	3.43323974454857	0.000248360255451428		4.30000000000000	8.20000000000000
    185.00	271.950000000000	3.43777330652021	0.000243826693479789		4.30000000000000	8.20000000000000
    195.00	271.870000000000	3.41328744969801	0.000268312550301986		4.30000000000000	8.20000000000000
    205.00	271.750000000000	3.38909783987027	0.000292502160129726		4.30000000000000	8.10000000000000
    215.00	271.750000000000	3.39324411177087	0.000288355888229132		4.40000000000000	8.10000000000000
    225.00	271.650000000000	3.36923235623512	0.000312367643764877		4.53333333333333	8.10000000000000
    235.00	271.550000000000	3.36399438427498	0.000317605615725018		4.73333333333333	8.
    245.00	271.525000000000	3.34959760844443	0.000332002391555571		4.92500000000000	8.
    255.00	271.450000000000	3.33265833412274	0.000348941665877256		5.17500000000000	8.
    265.00	271.350000000000	3.33007815511825	0.000351521844881754		5.46666666666667	8.
    275.00	271.325000000000	3.30656390811890	0.000375036091881105		5.72500000000000	8.
    285.00	271.250000000000	3.28291944922621	0.000398680550773789		6.00000000000000	7.90000000000000
    295.00	271.150000000000	3.28723028414466	0.000394369715855345		6.27500000000000	7.90000000000000
    305.00	271.050000000000	3.26377017253566	0.000417829827464340		6.56666666666667	7.90000000000000
    315.00	271.050000000000	3.26792591857411	0.000413674081425892		6.90000000000000	7.80000000000000
    325.00	271.150000000000	3.27164148108420	0.000409958518915800		7.20000000000000	7.60000000000000
    335.00	271.250000000000	3.27604365814501	0.000405556341854989		7.42500000000000	7.47500000000000
    345.00	271.583333333333	3.34496144510135	0.000336638554898646		7.73333333333333	7.30000000000000
    355.00	271.916666666667	3.44387217718714	0.000237727822812857		8.06666666666667	7.13333333333333
    365.00	272.150000000000	3.48676603969666	0.000194833960303344		8.40000000000000	6.90000000000000
    375.00	272.383333333333	3.54987365332416	0.000131726346675837		8.63333333333333	6.80000000000000
    385.00	272.650000000000	3.58406294188037	9.75370581196260e-05		8.86666666666667	6.70000000000000
    395.00	272.650000000000	3.58842420253657	9.31757974634291e-05		9.06666666666667	6.70000000000000
    405.00	272.800000000000	3.56321970218730	0.000000000000000000		9.25000000000000	6.70000000000000
    415.00	272.850000000000	3.45057838849512	0.000000000000000000		9.36666666666667	6.80000000000000
    425.00	272.750000000000	3.20336661915059	0.000000000000000000		9.45000000000000	6.90000000000000
    435.00	272.750000000000	3.20756323380859	0.000000000000000000		9.50000000000000	7.
    445.00	272.650000000000	3.21160253086573	0.000000000000000000		9.60000000000000	7.
    455.00	272.650000000000	3.21565191179467	0.000000000000000000		9.70000000000000	7.10000000000000
    465.00	272.550000000000	3.21937292642117	0.000000000000000000		9.70000000000000	7.20000000000000
    475.00	272.450000000000	3.22355539580438	0.000000000000000000		9.80000000000000	7.23333333333333
    485.00	272.450000000000	3.22745372147671	0.000000000000000000		9.70000000000000	7.30000000000000
    495.00	272.350000000000	3.23161147169516	0.000000000000000000		9.70000000000000	7.40000000000000
    505.00	272.350000000000	3.20857720129134	3.02279870866062e-06		9.56000000000000	7.44000000000000
    515.00	272.350000000000	3.21231334029133	0.000000000000000000		9.40000000000000	7.50000000000000
    525.00	272.250000000000	3.21639888511972	0.000000000000000000		9.20000000000000	7.60000000000000
    535.00	272.210000000000	3.22049531429317	0.000000000000000000		8.96000000000000	7.70000000000000
    545.00	272.100000000000	3.22443069962648	0.000000000000000000		8.75000000000000	7.75000000000000
    555.00	272.050000000000	3.21232090385201	0.000000000000000000		8.54000000000000	7.86000000000000
    565.00	271.975000000000	3.20554542209619	6.05457790380548e-06		8.25000000000000	7.90000000000000
    575.00	271.950000000000	3.20947731256778	2.12268743221511e-06		8.02000000000000	8.
    585.00	271.950000000000	3.21359045009450	0.000000000000000000		7.80000000000000	8.10000000000000
    595.00	271.825000000000	3.21745645246831	0.000000000000000000		7.67500000000000	8.22500000000000
    605.00	271.750000000000	3.20112407690446	1.04759230955360e-05		7.42500000000000	8.37500000000000
    615.00	271.650000000000	3.19838652804126	1.32134719587373e-05		7.27500000000000	8.50000000000000
    625.00	271.610000000000	3.20247184612670	9.12815387330035e-06		7.16000000000000	8.54000000000000
    635.00	271.475000000000	3.17951487721244	3.20851227875552e-05		7.02500000000000	8.67500000000000
    645.00	271.400000000000	3.18362059822943	2.79794017705668e-05		6.90000000000000	8.75000000000000
    655.00	271.350000000000	3.16092542517938	5.06745748206230e-05		6.80000000000000	8.90000000000000
    665.00	271.250000000000	3.16493249807411	4.66675019258895e-05		6.70000000000000	8.97500000000000
    675.00	271.150000000000	3.16855024680429	4.30497531957070e-05		6.70000000000000	9.
    685.00	271.050000000000	3.14595815332167	6.56418466783326e-05		6.66666666666667	9.10000000000000
    695.00	270.950000000000	3.14993247314419	6.16675268558109e-05		6.60000000000000	9.20000000000000
    705.00	270.850000000000	3.15403086001376	5.75691399862381e-05		6.60000000000000	9.20000000000000
    715.00	270.750000000000	3.15779719922963	5.38028007703715e-05		6.60000000000000	9.30000000000000
    725.00	270.650000000000	3.13494205813766	7.66579418623388e-05		6.50000000000000	9.30000000000000
    735.00	270.550000000000	3.13926405570894	7.23359442910607e-05		6.43333333333333	9.30000000000000
    745.00	270.500000000000	3.13006096913599	8.15390308640067e-05		6.35000000000000	9.20000000000000
    755.00	270.450000000000	3.12038669603642	9.12133039635821e-05		6.20000000000000	9.20000000000000
    765.00	270.350000000000	3.09812076951325	0.000113479230486746		6.10000000000000	9.10000000000000
    775.00	270.250000000000	3.07566322873498	0.000135936771265018		5.90000000000000	8.90000000000000
    785.00	270.250000000000	3.06235899036655	0.000149241009633446		5.80000000000000	8.73333333333333
    795.00	270.150000000000	3.05737159671420	0.000154228403285797		5.70000000000000	8.60000000000000
    805.00	270.050000000000	3.05277106600786	0.000158828933992139		5.60000000000000	8.46666666666667
    815.00	269.950000000000	3.03941194694754	0.000172188053052460		5.60000000000000	8.33333333333333
    825.00	269.850000000000	3.04286863260405	0.000168731367395953		5.60000000000000	8.20000000000000
    835.00	269.850000000000	3.02111513297561	0.000190484867024387		5.60000000000000	8.10000000000000
    845.00	269.750000000000	2.99950344752785	0.000212096552472154		5.60000000000000	7.90000000000000
    855.00	269.750000000000	2.97770400363529	0.000233895996364708		5.60000000000000	7.76666666666667
    865.00	269.750000000000	2.98154738990543	0.000230052610094570		5.70000000000000	7.60000000000000
    875.00	269.750000000000	2.95986877703680	0.000251731222963199		5.70000000000000	7.40000000000000
    885.00	269.750000000000	2.96380827666003	0.000247791723339971		5.76666666666667	7.20000000000000
    895.00	269.750000000000	2.99291562416543	0.000218684375834566		5.80000000000000	7.00000000000000
    905.00	269.650000000000	2.99657641920060	0.000215023580799400		5.90000000000000	6.73333333333333
    915.00	269.550000000000	3.02622111170575	0.000185378888294254		6.00000000000000	6.50000000000000
    925.00	269.550000000000	3.02959444065321	0.000182005559346788		6.06666666666667	6.30000000000000
    935.00	269.450000000000	3.03365233688685	0.000177947663113152		6.10000000000000	6.10000000000000
    945.00	269.450000000000	3.03738181819159	0.000174218181808407		6.20000000000000	5.80000000000000
    955.00	269.350000000000	3.04134727579171	0.000170252724208290		6.20000000000000	5.46666666666667
    965.00	269.350000000000	3.07121280777245	0.000140387192227545		6.10000000000000	5.20000000000000
    975.00	269.383333333333	3.07511809418224	0.000136481905817756		6.00000000000000	4.96666666666667
    985.00	269.450000000000	3.07914838642548	0.000132451613574523		5.90000000000000	4.60000000000000
    995.00	269.483333333333	3.10926484703400	0.000102335152965999		5.76666666666667	4.40000000000000
   1005.00	269.550000000000	3.13966119713079	7.19388028692078e-05		5.60000000000000	4.20000000000000
   1015.00	269.650000000000	3.15712379571158	5.44762042884237e-05		5.40000000000000	4.00000000000000
   1025.00	269.683333333333	3.13894241389321	0.000000000000000000		5.20000000000000	3.80000000000000
   1035.00	269.916666666667	3.02880895463939	0.000000000000000000		5.03333333333333	3.70000000000000
   1045.00	270.050000000000	2.97284041429649	0.000000000000000000		4.80000000000000	3.60000000000000
   1055.00	270.183333333333	2.95136298622220	0.000000000000000000		4.66666666666667	3.46666666666667
   1065.00	270.316666666667	2.95515842865824	0.000000000000000000		4.50000000000000	3.40000000000000
   1075.00	270.383333333333	2.95907574966053	0.000000000000000000		4.36666666666667	3.26666666666667
   1085.00	270.450000000000	2.96266637303455	0.000000000000000000		4.26666666666667	3.20000000000000
   1095.00	270.550000000000	2.99180302720820	0.000000000000000000		4.10000000000000	3.10000000000000
   1105.00	270.650000000000	2.97009977101523	0.000000000000000000		4.00000000000000	2.90000000000000
   1115.00	270.750000000000	2.97383064379663	0.000000000000000000		4.00000000000000	2.80000000000000
   1125.00	270.750000000000	3.00309155122258	0.000000000000000000		3.90000000000000	2.70000000000000
   1135.00	270.750000000000	3.00721769612351	0.000000000000000000		3.90000000000000	2.50000000000000
   1145.00	270.850000000000	3.06261311456849	0.000000000000000000		3.80000000000000	2.35000000000000
   1155.00	270.850000000000	3.09252736467359	0.000000000000000000		3.80000000000000	2.20000000000000
   1165.00	270.950000000000	3.09643700270486	0.000000000000000000		3.80000000000000	2.10000000000000
   1175.00	270.950000000000	3.04798062362780	0.000000000000000000		3.80000000000000	1.93333333333333
   1185.00	270.983333333333	2.98319989157690	0.000000000000000000		3.70000000000000	1.90000000000000
   1195.00	270.950000000000	2.95312225368579	0.000000000000000000		3.70000000000000	1.80000000000000
   1205.00	270.950000000000	2.95653276047739	0.000000000000000000		3.70000000000000	1.80000000000000
   1215.00	270.850000000000	2.96046481111173	0.000000000000000000		3.70000000000000	1.90000000000000
   1225.00	270.850000000000	2.98985339083295	0.000000000000000000		3.80000000000000	1.90000000000000
   1235.00	270.850000000000	2.96784400431526	0.000000000000000000		3.80000000000000	1.90000000000000
   1245.00	270.750000000000	2.97163382698791	0.000000000000000000		3.80000000000000	1.90000000000000
   1255.00	270.650000000000	2.97543329511066	0.000000000000000000		3.80000000000000	1.86666666666667
   1265.00	270.550000000000	2.95386788976813	0.000000000000000000		3.90000000000000	1.76666666666667
   1275.00	270.550000000000	2.98306147708289	0.000000000000000000		3.90000000000000	1.60000000000000
   1285.00	270.450000000000	2.99936180724579	0.000000000000000000		3.95000000000000	1.50000000000000
   1295.00	270.350000000000	3.09427061645915	0.000000000000000000		4.00000000000000	1.40000000000000
   1305.00	270.350000000000	3.12476937624429	0.000000000000000000		4.00000000000000	1.30000000000000
   1315.00	270.350000000000	3.12879567948685	0.000000000000000000		4.10000000000000	1.20000000000000
   1325.00	270.350000000000	3.13246483633023	0.000000000000000000		4.10000000000000	1.20000000000000
   1335.00	270.350000000000	3.09228535799825	0.000000000000000000		4.10000000000000	1.20000000000000
   1345.00	270.250000000000	3.06087272883013	0.000000000000000000		4.00000000000000	1.23333333333333
   1355.00	270.250000000000	3.06483597717581	0.000000000000000000		4.00000000000000	1.30000000000000
   1365.00	270.183333333333	3.04270990622809	0.000000000000000000		4.00000000000000	1.40000000000000
   1375.00	270.150000000000	3.02072940177842	0.000000000000000000		4.00000000000000	1.40000000000000
   1385.00	270.083333333333	2.99865766368158	0.000000000000000000		4.00000000000000	1.50000000000000
   1395.00	270.050000000000	2.97685019571235	0.000000000000000000		4.00000000000000	1.50000000000000
   1405.00	270.050000000000	2.97225231732375	0.000000000000000000		4.10000000000000	1.50000000000000
   1415.00	269.950000000000	2.95898451237041	0.000000000000000000		4.15000000000000	1.45000000000000
   1425.00	269.950000000000	2.93738423145557	0.000000000000000000		4.23333333333333	1.40000000000000
   1435.00	269.850000000000	2.89117180755060	0.000000000000000000		4.30000000000000	1.30000000000000
   1445.00	269.850000000000	2.89461390918031	0.000000000000000000		4.40000000000000	1.16666666666667
   1455.00	269.750000000000	2.87361342122382	0.000000000000000000		4.40000000000000	1.10000000000000
   1465.00	269.750000000000	2.87738645900227	0.000000000000000000		4.40000000000000	1.
   1475.00	269.650000000000	2.85616118431763	0.000000000000000000		4.40000000000000	0.900000000000000
   1485.00	269.550000000000	2.85957862723449	0.000000000000000000		4.40000000000000	0.800000000000000
   1495.00	269.450000000000	2.83881485246722	0.000000000000000000		4.40000000000000	0.733333333333333
   1505.00	269.350000000000	2.84222002334490	0.000000000000000000		4.40000000000000	0.700000000000000
   1515.00	269.250000000000	2.82191247208251	0.000000000000000000		4.40000000000000	0.700000000000000
   1525.00	269.250000000000	2.82530650083469	0.000000000000000000		4.40000000000000	0.700000000000000
   1535.00	269.150000000000	2.80443688789272	0.000000000000000000		4.40000000000000	0.700000000000000
   1545.00	269.050000000000	2.78370780422799	0.000000000000000000		4.40000000000000	0.700000000000000
   1555.00	269.050000000000	2.81188605147884	0.000000000000000000		4.40000000000000	0.700000000000000
   1565.00	268.950000000000	2.80302655877072	0.000000000000000000		4.50000000000000	0.700000000000000
   1575.00	268.883333333333	2.77847796587660	0.000000000000000000		4.50000000000000	0.700000000000000
   1585.00	268.850000000000	2.71881364077929	0.000000000000000000		4.60000000000000	0.700000000000000
   1595.00	268.783333333333	2.68311435454111	0.000000000000000000		4.66666666666667	0.700000000000000
   1605.00	268.750000000000	2.70972795745102	0.000000000000000000		4.80000000000000	0.700000000000000
   1615.00	268.650000000000	2.68996838278997	0.000000000000000000		4.83333333333333	0.700000000000000
   1625.00	268.650000000000	2.67775651002757	0.000000000000000000		4.96666666666667	0.700000000000000
   1635.00	268.550000000000	2.67327090096492	0.000000000000000000		5.00000000000000	0.700000000000000
   1645.00	268.450000000000	2.67686161208651	0.000000000000000000		5.10000000000000	0.700000000000000
   1655.00	268.450000000000	2.65700057311256	0.000000000000000000		5.20000000000000	0.700000000000000
   1665.00	268.350000000000	2.63727394538861	0.000000000000000000		5.30000000000000	0.700000000000000
   1675.00	268.250000000000	2.59567200517001	0.000000000000000000		5.40000000000000	0.700000000000000
   1685.00	268.250000000000	2.56137536174285	0.000000000000000000		5.40000000000000	0.800000000000000
   1695.00	268.183333333333	2.57952503767499	0.000000000000000000		5.46666666666667	0.900000000000000
   1705.00	268.150000000000	2.57523853544159	0.000000000000000000		5.50000000000000	1.
   1715.00	268.150000000000	2.56347718701287	0.000000000000000000		5.60000000000000	1.10000000000000
   1725.00	268.050000000000	2.56695563079383	0.000000000000000000		5.70000000000000	1.26666666666667
   1735.00	268.050000000000	2.52573651249803	0.000000000000000000		5.76666666666667	1.36666666666667
   1745.00	267.950000000000	2.50690174433580	0.000000000000000000		5.80000000000000	1.50000000000000
   1755.00	267.950000000000	2.53969426818429	0.000000000000000000		5.90000000000000	1.63333333333333
   1765.00	267.850000000000	2.58000431610227	0.000000000000000000		6.00000000000000	1.80000000000000
   1775.00	267.850000000000	2.58320721962484	0.000000000000000000		6.10000000000000	1.95000000000000
   1785.00	267.750000000000	2.58652517915859	0.000000000000000000		6.10000000000000	2.13333333333333
   1795.00	267.750000000000	2.55265051789948	0.000000000000000000		6.20000000000000	2.46666666666667
   1805.00	267.750000000000	2.47173649806003	0.000000000000000000		6.20000000000000	2.65000000000000
   1815.00	267.750000000000	2.40014296293909	0.000000000000000000		6.20000000000000	3.
   1825.00	267.750000000000	2.35447576618319	0.000000000000000000		6.10000000000000	3.30000000000000
   1835.00	267.750000000000	2.32343261370311	0.000000000000000000		6.10000000000000	3.56666666666667
   1845.00	267.650000000000	2.30597668396109	0.000000000000000000		6.10000000000000	3.80000000000000
   1855.00	267.650000000000	2.28864050442265	0.000000000000000000		6.10000000000000	3.96666666666667
   1865.00	267.750000000000	2.25149340796084	0.000000000000000000		6.20000000000000	4.10000000000000
   1875.00	267.650000000000	2.25432388265269	0.000000000000000000		6.20000000000000	4.10000000000000
   1885.00	267.650000000000	2.21768194942015	0.000000000000000000		6.30000000000000	4.13333333333333
   1895.00	267.650000000000	2.23360195432288	0.000000000000000000		6.40000000000000	4.10000000000000
   1905.00	267.550000000000	2.26285827504902	0.000000000000000000		6.50000000000000	4.10000000000000
   1915.00	267.550000000000	2.20651211738707	0.000000000000000000		6.50000000000000	4.10000000000000
   1925.00	267.350000000000	2.19013776549739	0.000000000000000000		6.60000000000000	4.
   1935.00	267.350000000000	2.19291246371453	0.000000000000000000		6.70000000000000	4.
   1945.00	267.250000000000	2.17608037166642	0.000000000000000000		6.70000000000000	3.90000000000000
   1955.00	267.150000000000	2.17884385336181	0.000000000000000000		6.80000000000000	3.90000000000000
   1965.00	267.150000000000	2.18170689033924	0.000000000000000000		6.80000000000000	3.90000000000000
   1975.00	267.050000000000	2.18467021916119	0.000000000000000000		6.80000000000000	3.93333333333333
   1985.00	266.950000000000	2.18717678365553	0.000000000000000000		6.73333333333333	4.
   1995.00	266.850000000000	2.18996856023247	0.000000000000000000		6.70000000000000	4.
   2005.00	266.750000000000	2.19286102401937	0.000000000000000000		6.70000000000000	4.10000000000000
   2015.00	266.650000000000	2.19585485164965	0.000000000000000000		6.70000000000000	4.20000000000000
   2025.00	266.583333333333	2.19866898537207	0.000000000000000000		6.70000000000000	4.26666666666667
   2035.00	266.516666666667	2.22105166930690	0.000000000000000000		6.70000000000000	4.30000000000000
   2045.00	266.450000000000	2.24336276088305	0.000000000000000000		6.70000000000000	4.40000000000000
   2055.00	266.350000000000	2.24624871755779	0.000000000000000000		6.70000000000000	4.40000000000000
   2065.00	266.250000000000	2.24923859011948	0.000000000000000000		6.70000000000000	4.50000000000000
   2075.00	266.183333333333	2.25213966830933	0.000000000000000000		6.70000000000000	4.66666666666667
   2085.00	266.050000000000	2.23510597471541	0.000000000000000000		6.70000000000000	4.80000000000000
   2095.00	265.950000000000	2.21857230833964	0.000000000000000000		6.60000000000000	5.
   2105.00	265.950000000000	2.20158045871434	0.000000000000000000		6.50000000000000	5.20000000000000
   2115.00	265.850000000000	2.20443481091962	0.000000000000000000		6.40000000000000	5.40000000000000
   2125.00	265.850000000000	2.20729644868957	0.000000000000000000		6.38000000000000	5.50000000000000
   2135.00	265.750000000000	2.21011765011323	0.000000000000000000		6.30000000000000	5.60000000000000
   2145.00	265.750000000000	2.21275399477340	0.000000000000000000		6.30000000000000	5.70000000000000
   2155.00	265.650000000000	2.21563735570028	0.000000000000000000		6.30000000000000	5.80000000000000
   2165.00	265.550000000000	2.21852837890835	0.000000000000000000		6.30000000000000	5.80000000000000
   2175.00	265.550000000000	2.24118058850834	0.000000000000000000		6.30000000000000	5.90000000000000
   2185.00	265.450000000000	2.22426016658785	0.000000000000000000		6.42500000000000	5.90000000000000
   2195.00	265.350000000000	2.22695486242551	0.000000000000000000		6.50000000000000	5.90000000000000
   2205.00	265.250000000000	2.22987549520170	0.000000000000000000		6.70000000000000	5.80000000000000
   2215.00	265.150000000000	2.23280386195180	0.000000000000000000		6.90000000000000	5.80000000000000
   2225.00	265.025000000000	2.21601918242674	0.000000000000000000		7.10000000000000	5.70000000000000
   2235.00	264.850000000000	2.21893687544062	0.000000000000000000		7.20000000000000	5.70000000000000
   2245.00	264.850000000000	2.22186240228616	0.000000000000000000		7.40000000000000	5.60000000000000
   2255.00	264.750000000000	2.22450200087524	0.000000000000000000		7.50000000000000	5.50000000000000
   2265.00	264.650000000000	2.22744235521408	0.000000000000000000		7.70000000000000	5.40000000000000
   2275.00	264.550000000000	2.23009520008299	0.000000000000000000		7.80000000000000	5.30000000000000
   2285.00	264.450000000000	2.22348657862600	0.000000000000000000		7.85000000000000	5.20000000000000
   2295.00	264.350000000000	2.21627522210222	0.000000000000000000		7.90000000000000	5.10000000000000
   2305.00	264.250000000000	2.21892492882709	0.000000000000000000		7.90000000000000	5.
   2315.00	264.150000000000	2.22217240587951	0.000000000000000000		7.95000000000000	4.90000000000000
   2325.00	264.050000000000	2.22483636428368	0.000000000000000000		7.90000000000000	4.90000000000000
   2335.00	263.970000000000	2.22780392668968	0.000000000000000000		7.90000000000000	4.90000000000000
   2345.00	263.850000000000	2.21077700632108	0.000000000000000000		7.80000000000000	4.80000000000000
   2355.00	263.825000000000	2.21373339881095	0.000000000000000000		7.77500000000000	4.82500000000000
   2365.00	263.750000000000	2.21654934392836	0.000000000000000000		7.70000000000000	4.90000000000000
   2375.00	263.650000000000	2.21966968247013	0.000000000000000000		7.60000000000000	4.90000000000000
   2385.00	263.516666666667	2.22235157666578	0.000000000000000000		7.50000000000000	5.
   2395.00	263.450000000000	2.20566519171852	0.000000000000000000		7.50000000000000	5.10000000000000
   2405.00	263.350000000000	2.20833682988254	0.000000000000000000		7.40000000000000	5.20000000000000
   2415.00	263.325000000000	2.21131315196929	0.000000000000000000		7.40000000000000	5.22500000000000
   2425.00	263.250000000000	2.20236206661737	0.000000000000000000		7.40000000000000	5.30000000000000
   2435.00	263.250000000000	2.19737520374270	0.000000000000000000		7.40000000000000	5.40000000000000
   2445.00	263.150000000000	2.20005061636918	0.000000000000000000		7.40000000000000	5.40000000000000
   2455.00	263.050000000000	2.18352494826953	0.000000000000000000		7.40000000000000	5.50000000000000
   2465.00	263.030000000000	2.16705412287456	0.000000000000000000		7.50000000000000	5.50000000000000
   2475.00	262.930000000000	2.16591181445075	0.000000000000000000		7.50000000000000	5.60000000000000
   2485.00	262.830000000000	2.14956411624941	0.000000000000000000		7.50000000000000	5.60000000000000
   2495.00	262.750000000000	2.13695181925220	0.000000000000000000		7.50000000000000	5.70000000000000
   2505.00	262.650000000000	2.12086180211201	0.000000000000000000		7.50000000000000	5.70000000000000
   2515.00	262.600000000000	2.11417260158725	0.000000000000000000		7.50000000000000	5.80000000000000
   2525.00	262.550000000000	2.10747230411181	0.000000000000000000		7.50000000000000	5.90000000000000
   2535.00	262.450000000000	2.09141531714943	0.000000000000000000		7.50000000000000	5.96000000000000
   2545.00	262.350000000000	2.07552687430657	0.000000000000000000		7.50000000000000	6.
   2555.00	262.325000000000	2.07346083554576	0.000000000000000000		7.50000000000000	6.10000000000000
   2565.00	262.250000000000	2.06212633742316	0.000000000000000000		7.45000000000000	6.15000000000000
   2575.00	262.150000000000	2.04655545298043	0.000000000000000000		7.40000000000000	6.20000000000000
   2585.00	262.050000000000	2.03109245001098	0.000000000000000000		7.40000000000000	6.27500000000000
   2595.00	261.950000000000	2.01545808469656	0.000000000000000000		7.40000000000000	6.30000000000000
   2605.00	261.850000000000	1.99993375079924	0.000000000000000000		7.42500000000000	6.30000000000000
   2615.00	261.790000000000	1.99195290529358	0.000000000000000000		7.50000000000000	6.30000000000000
   2625.00	261.670000000000	1.97309378697225	0.000000000000000000		7.58000000000000	6.30000000000000
   2635.00	261.550000000000	1.95455414358261	0.000000000000000000		7.70000000000000	6.40000000000000
   2645.00	261.550000000000	1.95699663807906	0.000000000000000000		7.80000000000000	6.40000000000000
   2655.00	261.450000000000	1.94188527461301	0.000000000000000000		7.92500000000000	6.40000000000000
   2665.00	261.550000000000	1.96217317576956	0.000000000000000000		8.10000000000000	6.40000000000000
   2675.00	261.650000000000	1.98238716140831	0.000000000000000000		8.30000000000000	6.50000000000000
   2685.00	261.816666666667	2.01494038306843	0.000000000000000000		8.56666666666667	6.50000000000000
   2695.00	262.450000000000	2.13560168900638	0.000000000000000000		8.80000000000000	6.60000000000000
   2705.00	263.183333333333	2.26242101560862	0.000000000000000000		8.90000000000000	6.60000000000000
   2715.00	263.650000000000	2.34019091413946	0.000000000000000000		9.00000000000000	6.60000000000000
   2725.00	263.750000000000	2.34314651598292	0.000000000000000000		9.00000000000000	6.60000000000000
   2735.00	263.650000000000	2.32570924414482	0.000000000000000000		9.10000000000000	6.53333333333333
   2745.00	263.650000000000	2.34941077568314	0.000000000000000000		9.00000000000000	6.50000000000000
   2755.00	263.550000000000	2.31099236480133	0.000000000000000000		9.00000000000000	6.40000000000000
   2765.00	263.450000000000	2.28668168274323	0.000000000000000000		9.00000000000000	6.36666666666667
   2775.00	263.350000000000	2.22263088550960	0.000000000000000000		9.00000000000000	6.30000000000000
   2785.00	263.250000000000	2.17496943085197	0.000000000000000000		9.00000000000000	6.20000000000000
   2795.00	263.250000000000	2.14369970533201	0.000000000000000000		9.10000000000000	6.20000000000000
   2805.00	263.150000000000	1.78738193179287	0.000000000000000000		9.10000000000000	6.10000000000000
   2815.00	263.050000000000	1.78953003503210	0.000000000000000000		9.10000000000000	6.
   2825.00	263.050000000000	1.81362507072694	0.000000000000000000		9.00000000000000	5.90000000000000
   2835.00	262.950000000000	1.83249571960574	0.000000000000000000		9.00000000000000	5.86666666666667
   2845.00	262.950000000000	1.82379837442953	0.000000000000000000		9.00000000000000	5.73333333333333
   2855.00	262.850000000000	1.77705328413249	0.000000000000000000		9.00000000000000	5.63333333333333
   2865.00	262.750000000000	1.72613496617321	0.000000000000000000		9.00000000000000	5.50000000000000
   2875.00	262.650000000000	1.69710653595028	0.000000000000000000		8.96666666666667	5.36666666666667
   2885.00	262.550000000000	1.67370838828104	0.000000000000000000		8.90000000000000	5.20000000000000
   2895.00	262.516666666667	1.63562259638934	0.000000000000000000		9.00000000000000	5.10000000000000
   2905.00	262.450000000000	1.60307102391351	0.000000000000000000		9.00000000000000	5.
   2915.00	262.450000000000	1.61498104947735	0.000000000000000000		9.00000000000000	4.90000000000000
   2925.00	262.350000000000	1.55158976387013	0.000000000000000000		9.05000000000000	4.90000000000000
   2935.00	262.250000000000	1.54645409739166	0.000000000000000000		9.10000000000000	4.90000000000000
   2945.00	262.150000000000	1.52004069255260	0.000000000000000000		9.20000000000000	4.80000000000000
   2955.00	262.150000000000	1.50818642713104	0.000000000000000000		9.20000000000000	4.80000000000000
   2965.00	262.150000000000	1.48251101272585	0.000000000000000000		9.30000000000000	4.80000000000000
   2975.00	262.050000000000	1.44827679052803	0.000000000000000000		9.40000000000000	4.70000000000000
   2985.00	262.016666666667	1.40594415252791	0.000000000000000000		9.43333333333333	4.70000000000000
   2995.00	261.950000000000	1.36892799504381	0.000000000000000000		9.50000000000000	4.60000000000000
   3005.00	261.950000000000	1.37081981651268	0.000000000000000000		9.60000000000000	4.60000000000000
