#	H	T(K)	QV	QL	U	V
	11.0000 	280.4500 	5.02	0.0000 	0.0000 	0.0000 
	59.0000 	280.4500 	5.01	0.0000 	0.0000 	0.0000 
	92.0000 	280.4500 	4.99	0.0000 	0.0000 	0.0000 
	100.0000 	280.4500 	4.98	0.0000 	0.0000 	0.0000 
	125.0000 	280.4500 	4.97	0.0000 	0.0000 	0.0000 
	267.0000 	280.4500 	4.96	0.0000 	0.0000 	0.0000 
	386.0000 	280.4500 	4.52	0.0000 	0.0000 	0.0000 
	421.0000 	280.4500 	4.54	0.0000 	0.0000 	0.0000 
	774.0000 	280.4500 	4.74	0.0000 	0.0000 	0.0000 
	863.0000 	280.7335 	4.67	0.0000 	0.0000 	0.0000 
	1045.0000 	279.6856 	4.52	0.0000 	0.0000 	0.0000 
	1258.0000 	278.6985 	4.35	0.0000 	0.0000 	0.0000 
	1468.0000 	278.0777 	4.19	0.0000 	0.0000 	0.0000 
	1545.0000 	277.9321 	4.13	0.0000 	0.0000 	0.0000 
	1593.0000 	278.1141 	4.01	0.0000 	0.0000 	0.0000 
	1857.0000 	277.9957 	3.38	0.0000 	0.0000 	0.0000 
	1979.0000 	279.5768 	2.68	0.0000 	0.0000 	0.0000  