#	H	PT	QT(*)	U	V
	11.0000 	279.3371 	0.00400	0.0000 	0.0000 
	59.0000 	279.8116 	0.00400	0.0000 	0.0000 
	92.0000 	280.1300 	0.00400	0.0000 	0.0000 
	100.0000 	280.2098 	0.00400	0.0000 	0.0000 
	125.0000 	280.4500 	0.00400	0.0000 	0.0000 
	267.0000 	281.8286 	0.00400	0.0000 	0.0000 
	386.0000 	282.9872 	0.00400	0.0000 	0.0000 
	421.0000 	283.3222 	0.00400	0.0000 	0.0000 
	774.0000 	286.7734 	0.00400	0.0000 	0.0000 
	863.0000 	287.6663 	0.00400	0.0000 	0.0000 
	1045.0000 	288.7013 	0.00400	0.0000 	0.0000 
	1258.0000 	289.8324 	0.00400	0.0000 	0.0000 
	1468.0000 	291.3080 	0.00400	0.0000 	0.0000 
	1545.0000 	291.9440 	0.00400	0.0000 	0.0000 
	1593.0000 	292.6332 	0.00400	0.0000 	0.0000 
	1857.0000 	295.2646 	0.00400	0.0000 	0.0000 
	1979.0000 	298.2142 	0.00400	0.0000 	0.0000 