#       H        T(K)          QV           QL		    U           V
   0.000000  280.450000    5.020000    0.000000    0.000000  0.000000
  11.000000  280.450000    5.020000    0.000000    0.000000  0.000000
  59.000000  280.450000    5.010000    0.000000    0.000000  0.000000
  92.000000  280.450000    4.990000    0.000000    0.000000  0.000000
 100.000000  280.450000    4.980000    0.000000    0.000000  0.000000
 125.000000  280.450000    4.970000    0.000000    0.000000  0.000000
 267.000000  280.450000    4.960000    0.000000    0.000000  0.000000
 386.000000  280.450000    4.520000    0.000000    0.000000  0.000000
 421.000000  280.450000    4.540000    0.000000    0.000000  0.000000
 774.000000  280.450000    4.740000    0.000000    0.000000  0.000000
 863.000000  279.685600    4.670000    0.000000    0.000000  0.000000
 1045.000000  279.685600    4.520000    0.000000    0.000000  0.000000
 1258.000000  278.698500    4.350000    0.000000    0.000000  0.000000
 1468.000000  278.077700    4.190000    0.000000    0.000000  0.000000
 1545.000000  277.932100    4.130000    0.000000    0.000000  0.000000
 1593.000000  278.114100    4.010000    0.000000    0.000000  0.000000
 1857.000000  277.995700    3.380000    0.000000    0.000000  0.000000
 1979.000000  279.576800    2.680000    0.000000    0.000000  0.000000
 